sync: 1.533984661102295s
threads: 1.575089931488037s
process: 0.5528075695037842s
